FANN_FLO_2.1
num_layers=3
learning_rate=0.698985
connection_rate=1.000000
network_type=0
learning_momentum=0.000000
training_algorithm=0
train_error_function=1
train_stop_function=0
cascade_output_change_fraction=0.010000
quickprop_decay=-0.000100
quickprop_mu=1.750000
rprop_increase_factor=1.200000
rprop_decrease_factor=0.500000
rprop_delta_min=0.000000
rprop_delta_max=50.000000
rprop_delta_zero=0.100000
cascade_output_stagnation_epochs=12
cascade_candidate_change_fraction=0.010000
cascade_candidate_stagnation_epochs=12
cascade_max_out_epochs=150
cascade_min_out_epochs=50
cascade_max_cand_epochs=150
cascade_min_cand_epochs=50
cascade_num_candidate_groups=2
bit_fail_limit=3.49999994039535522461e-01
cascade_candidate_limit=1.00000000000000000000e+03
cascade_weight_multiplier=4.00000005960464477539e-01
cascade_activation_functions_count=10
cascade_activation_functions=3 5 7 8 10 11 14 15 16 17 
cascade_activation_steepnesses_count=9
cascade_activation_steepnesses=3.00000000000000000000e+00 3.21000000000000000000e+02 3.22000000000000000000e+02 1.15400000000000000000e+03 0.00000000000000000000e+00 0.00000000000000000000e+00 0.00000000000000000000e+00 0.00000000000000000000e+00 0.00000000000000000000e+00 
layer_sizes=4 4 4 
scale_included=0
neurons (num_inputs, activation_function, activation_steepness)=(0, 0, 0.00000000000000000000e+00) (0, 0, 0.00000000000000000000e+00) (0, 0, 0.00000000000000000000e+00) (0, 0, 0.00000000000000000000e+00) (4, 5, 5.00000000000000000000e-01) (4, 5, 5.00000000000000000000e-01) (4, 5, 5.00000000000000000000e-01) (0, 5, 0.00000000000000000000e+00) (4, 3, 5.00000000000000000000e-01) (4, 3, 5.00000000000000000000e-01) (4, 3, 5.00000000000000000000e-01) (0, 3, 0.00000000000000000000e+00) 
connections (connected_to_neuron, weight)=(0, -3.21593642234802246094e+00) (1, -2.03404854983091354370e-02) (2, 8.66974964737892150879e-02) (3, 1.19609045982360839844e+00) (0, -9.10706698894500732422e-01) (1, 8.53999033570289611816e-02) (2, -8.60500335693359375000e-02) (3, 9.53878760337829589844e-02) (0, -1.93228721618652343750e+00) (1, 9.22469124197959899902e-02) (2, 9.73743200302124023438e-03) (3, 4.68879729509353637695e-01) (4, -1.08362805843353271484e+00) (5, -2.68406689167022705078e-01) (6, -5.27337849140167236328e-01) (7, 9.14675891399383544922e-01) (4, -2.53754115104675292969e+00) (5, -5.95182180404663085938e-01) (6, -1.45138514041900634766e+00) (7, -7.57394254207611083984e-01) (4, -2.58325982093811035156e+00) (5, -6.18820309638977050781e-01) (6, -1.35821235179901123047e+00) (7, -7.49337553977966308594e-01) 
