FANN_FLO_2.1
num_layers=3
learning_rate=0.698985
connection_rate=1.000000
network_type=0
learning_momentum=0.000000
training_algorithm=0
train_error_function=1
train_stop_function=0
cascade_output_change_fraction=0.010000
quickprop_decay=-0.000100
quickprop_mu=1.750000
rprop_increase_factor=1.200000
rprop_decrease_factor=0.500000
rprop_delta_min=0.000000
rprop_delta_max=50.000000
rprop_delta_zero=0.100000
cascade_output_stagnation_epochs=12
cascade_candidate_change_fraction=0.010000
cascade_candidate_stagnation_epochs=12
cascade_max_out_epochs=150
cascade_min_out_epochs=50
cascade_max_cand_epochs=150
cascade_min_cand_epochs=50
cascade_num_candidate_groups=2
bit_fail_limit=3.49999994039535522461e-01
cascade_candidate_limit=1.00000000000000000000e+03
cascade_weight_multiplier=4.00000005960464477539e-01
cascade_activation_functions_count=10
cascade_activation_functions=3 5 7 8 10 11 14 15 16 17 
cascade_activation_steepnesses_count=10
cascade_activation_steepnesses=4.00000000000000000000e+00 3.21000000000000000000e+02 3.22000000000000000000e+02 6.42000000000000000000e+02 6.43000000000000000000e+02 0.00000000000000000000e+00 0.00000000000000000000e+00 0.00000000000000000000e+00 0.00000000000000000000e+00 0.00000000000000000000e+00 
layer_sizes=5 5 5 
scale_included=0
neurons (num_inputs, activation_function, activation_steepness)=(0, 0, 0.00000000000000000000e+00) (0, 0, 0.00000000000000000000e+00) (0, 0, 0.00000000000000000000e+00) (0, 0, 0.00000000000000000000e+00) (0, 0, 0.00000000000000000000e+00) (5, 5, 5.00000000000000000000e-01) (5, 5, 5.00000000000000000000e-01) (5, 5, 5.00000000000000000000e-01) (5, 5, 5.00000000000000000000e-01) (0, 5, 0.00000000000000000000e+00) (5, 3, 5.00000000000000000000e-01) (5, 3, 5.00000000000000000000e-01) (5, 3, 5.00000000000000000000e-01) (5, 3, 5.00000000000000000000e-01) (0, 3, 0.00000000000000000000e+00) 
connections (connected_to_neuron, weight)=(0, 8.96808385848999023438e-01) (1, -4.32983040809631347656e-02) (2, -7.94617533683776855469e-02) (3, 9.22474026679992675781e-01) (4, -2.69394904375076293945e-01) (0, 1.26701843738555908203e+00) (1, 2.21195947378873825073e-02) (2, 3.09718847274780273438e-02) (3, 1.29557347297668457031e+00) (4, -6.16002023220062255859e-01) (0, 1.39695632457733154297e+00) (1, 1.31440159748308360577e-04) (2, 1.97664508596062660217e-03) (3, 1.38376343250274658203e+00) (4, -7.29168593883514404297e-01) (0, 1.47813236713409423828e+00) (1, 2.30883955955505371094e-02) (2, 2.19745989888906478882e-02) (3, 1.34680473804473876953e+00) (4, -7.61187851428985595703e-01) (5, 3.91188263893127441406e-01) (6, 4.87812608480453491211e-01) (7, 5.82227706909179687500e-01) (8, 5.35264134407043457031e-01) (9, 8.37266087532043457031e-01) (5, 7.86489069461822509766e-01) (6, 1.37881982326507568359e+00) (7, 1.51183557510375976562e+00) (8, 1.55701553821563720703e+00) (9, -1.05748212337493896484e+00) (5, 8.56450378894805908203e-01) (6, 1.34335196018218994141e+00) (7, 1.48475205898284912109e+00) (8, 1.55051636695861816406e+00) (9, -1.05851674079895019531e+00) (5, 3.68494033813476562500e-01) (6, 4.99587178230285644531e-01) (7, 5.52149057388305664062e-01) (8, 5.75544476509094238281e-01) (9, 8.41811001300811767578e-01) 
