FANN_FLO_2.1
num_layers=3
learning_rate=0.698985
connection_rate=1.000000
network_type=0
learning_momentum=0.000000
training_algorithm=0
train_error_function=1
train_stop_function=0
cascade_output_change_fraction=0.010000
quickprop_decay=-0.000100
quickprop_mu=1.750000
rprop_increase_factor=1.200000
rprop_decrease_factor=0.500000
rprop_delta_min=0.000000
rprop_delta_max=50.000000
rprop_delta_zero=0.100000
cascade_output_stagnation_epochs=12
cascade_candidate_change_fraction=0.010000
cascade_candidate_stagnation_epochs=12
cascade_max_out_epochs=150
cascade_min_out_epochs=50
cascade_max_cand_epochs=150
cascade_min_cand_epochs=50
cascade_num_candidate_groups=2
bit_fail_limit=3.49999994039535522461e-01
cascade_candidate_limit=1.00000000000000000000e+03
cascade_weight_multiplier=4.00000005960464477539e-01
cascade_activation_functions_count=10
cascade_activation_functions=3 5 7 8 10 11 14 15 16 17 
cascade_activation_steepnesses_count=10
cascade_activation_steepnesses=4.00000000000000000000e+00 3.21000000000000000000e+02 3.22000000000000000000e+02 7.68000000000000000000e+02 1.15400000000000000000e+03 0.00000000000000000000e+00 0.00000000000000000000e+00 0.00000000000000000000e+00 0.00000000000000000000e+00 0.00000000000000000000e+00 
layer_sizes=5 5 5 
scale_included=0
neurons (num_inputs, activation_function, activation_steepness)=(0, 0, 0.00000000000000000000e+00) (0, 0, 0.00000000000000000000e+00) (0, 0, 0.00000000000000000000e+00) (0, 0, 0.00000000000000000000e+00) (0, 0, 0.00000000000000000000e+00) (5, 5, 5.00000000000000000000e-01) (5, 5, 5.00000000000000000000e-01) (5, 5, 5.00000000000000000000e-01) (5, 5, 5.00000000000000000000e-01) (0, 5, 0.00000000000000000000e+00) (5, 3, 5.00000000000000000000e-01) (5, 3, 5.00000000000000000000e-01) (5, 3, 5.00000000000000000000e-01) (5, 3, 5.00000000000000000000e-01) (0, 3, 0.00000000000000000000e+00) 
connections (connected_to_neuron, weight)=(0, -9.47496592998504638672e-01) (1, 3.48795913159847259521e-02) (2, 9.56582948565483093262e-02) (3, 1.11293792724609375000e-02) (4, 7.79845714569091796875e-02) (0, 4.06258058547973632812e+00) (1, -3.34735773503780364990e-02) (2, 9.85040590167045593262e-02) (3, 2.94541120529174804688e-02) (4, -1.62995219230651855469e+00) (0, -7.63767778873443603516e-01) (1, -6.46955519914627075195e-02) (2, -3.06271016597747802734e-02) (3, 9.94095429778099060059e-02) (4, 4.84296530485153198242e-02) (0, 6.00316643714904785156e-01) (1, 4.59217205643653869629e-02) (2, -2.42623034864664077759e-02) (3, -6.99658468365669250488e-02) (4, -4.44658510386943817139e-02) (5, -2.22391799092292785645e-01) (6, 1.20666873455047607422e+00) (7, -1.98783203959465026855e-01) (8, 1.08390547335147857666e-01) (9, 1.01825189590454101562e+00) (5, -4.64820593595504760742e-01) (6, 2.89257049560546875000e+00) (7, -4.05151486396789550781e-01) (8, 3.46859306097030639648e-01) (9, -5.61466872692108154297e-01) (5, -6.16876482963562011719e-01) (6, 2.83235931396484375000e+00) (7, -4.50125277042388916016e-01) (8, 2.90438681840896606445e-01) (9, -5.76731503009796142578e-01) (5, -4.99090164899826049805e-01) (6, 2.88918328285217285156e+00) (7, -3.91632616519927978516e-01) (8, 3.72699648141860961914e-01) (9, -5.67392945289611816406e-01) 
