FANN_FLO_2.1
num_layers=3
learning_rate=0.699972
connection_rate=1.000000
network_type=0
learning_momentum=0.000000
training_algorithm=0
train_error_function=1
train_stop_function=0
cascade_output_change_fraction=0.010000
quickprop_decay=-0.000100
quickprop_mu=1.750000
rprop_increase_factor=1.200000
rprop_decrease_factor=0.500000
rprop_delta_min=0.000000
rprop_delta_max=50.000000
rprop_delta_zero=0.100000
cascade_output_stagnation_epochs=12
cascade_candidate_change_fraction=0.010000
cascade_candidate_stagnation_epochs=12
cascade_max_out_epochs=150
cascade_min_out_epochs=50
cascade_max_cand_epochs=150
cascade_min_cand_epochs=50
cascade_num_candidate_groups=2
bit_fail_limit=3.49999994039535522461e-01
cascade_candidate_limit=1.00000000000000000000e+03
cascade_weight_multiplier=4.00000005960464477539e-01
cascade_activation_functions_count=10
cascade_activation_functions=3 5 7 8 10 11 14 15 16 17 
cascade_activation_steepnesses_count=8
cascade_activation_steepnesses=2.00000000000000000000e+00 3.21000000000000000000e+02 3.22000000000000000000e+02 0.00000000000000000000e+00 0.00000000000000000000e+00 0.00000000000000000000e+00 0.00000000000000000000e+00 0.00000000000000000000e+00 
layer_sizes=3 3 3 
scale_included=0
neurons (num_inputs, activation_function, activation_steepness)=(0, 0, 0.00000000000000000000e+00) (0, 0, 0.00000000000000000000e+00) (0, 0, 0.00000000000000000000e+00) (3, 5, 5.00000000000000000000e-01) (3, 5, 5.00000000000000000000e-01) (0, 5, 0.00000000000000000000e+00) (3, 3, 5.00000000000000000000e-01) (3, 3, 5.00000000000000000000e-01) (0, 3, 0.00000000000000000000e+00) 
connections (connected_to_neuron, weight)=(0, 6.64970204234123229980e-02) (1, -2.79795285314321517944e-02) (2, 3.93863618373870849609e-02) (0, 1.86294056475162506104e-02) (1, -6.34358897805213928223e-02) (2, 1.08601838350296020508e-01) (3, 2.28787735104560852051e-02) (4, 1.08264319598674774170e-01) (5, 6.32122397422790527344e-01) (3, 6.86191916465759277344e-02) (4, 5.63731752336025238037e-02) (5, 6.08805239200592041016e-01) 
