FANN_FLO_2.1
num_layers=3
learning_rate=0.699027
connection_rate=1.000000
network_type=0
learning_momentum=0.000000
training_algorithm=0
train_error_function=1
train_stop_function=0
cascade_output_change_fraction=0.010000
quickprop_decay=-0.000100
quickprop_mu=1.750000
rprop_increase_factor=1.200000
rprop_decrease_factor=0.500000
rprop_delta_min=0.000000
rprop_delta_max=50.000000
rprop_delta_zero=0.100000
cascade_output_stagnation_epochs=12
cascade_candidate_change_fraction=0.010000
cascade_candidate_stagnation_epochs=12
cascade_max_out_epochs=150
cascade_min_out_epochs=50
cascade_max_cand_epochs=150
cascade_min_cand_epochs=50
cascade_num_candidate_groups=2
bit_fail_limit=3.49999994039535522461e-01
cascade_candidate_limit=1.00000000000000000000e+03
cascade_weight_multiplier=4.00000005960464477539e-01
cascade_activation_functions_count=10
cascade_activation_functions=3 5 7 8 10 11 14 15 16 17 
cascade_activation_steepnesses_count=10
cascade_activation_steepnesses=4.00000000000000000000e+00 3.21000000000000000000e+02 3.22000000000000000000e+02 6.42000000000000000000e+02 6.43000000000000000000e+02 0.00000000000000000000e+00 0.00000000000000000000e+00 0.00000000000000000000e+00 0.00000000000000000000e+00 0.00000000000000000000e+00 
layer_sizes=5 5 5 
scale_included=0
neurons (num_inputs, activation_function, activation_steepness)=(0, 0, 0.00000000000000000000e+00) (0, 0, 0.00000000000000000000e+00) (0, 0, 0.00000000000000000000e+00) (0, 0, 0.00000000000000000000e+00) (0, 0, 0.00000000000000000000e+00) (5, 5, 5.00000000000000000000e-01) (5, 5, 5.00000000000000000000e-01) (5, 5, 5.00000000000000000000e-01) (5, 5, 5.00000000000000000000e-01) (0, 5, 0.00000000000000000000e+00) (5, 3, 5.00000000000000000000e-01) (5, 3, 5.00000000000000000000e-01) (5, 3, 5.00000000000000000000e-01) (5, 3, 5.00000000000000000000e-01) (0, 3, 0.00000000000000000000e+00) 
connections (connected_to_neuron, weight)=(0, 8.88017058372497558594e-01) (1, -4.32983040809631347656e-02) (2, -7.94617533683776855469e-02) (3, 9.13682699203491210938e-01) (4, -2.66748160123825073242e-01) (0, 1.25724935531616210938e+00) (1, 2.21195947378873825073e-02) (2, 3.09718847274780273438e-02) (3, 1.28580439090728759766e+00) (4, -6.13196551799774169922e-01) (0, 1.38680076599121093750e+00) (1, 1.31440159748308360577e-04) (2, 1.97664508596062660217e-03) (3, 1.37360787391662597656e+00) (4, -7.24824249744415283203e-01) (0, 1.46799075603485107422e+00) (1, 2.30883955955505371094e-02) (2, 2.19745989888906478882e-02) (3, 1.33666312694549560547e+00) (4, -7.57509410381317138672e-01) (5, 3.92493754625320434570e-01) (6, 4.86336618661880493164e-01) (7, 5.80653965473175048828e-01) (8, 5.32548725605010986328e-01) (9, 8.31332743167877197266e-01) (5, 7.78306961059570312500e-01) (6, 1.36666643619537353516e+00) (7, 1.49853432178497314453e+00) (8, 1.54344189167022705078e+00) (9, -1.04706978797912597656e+00) (5, 8.48119258880615234375e-01) (6, 1.33096408843994140625e+00) (7, 1.47119128704071044922e+00) (8, 1.53667724132537841797e+00) (9, -1.04780316352844238281e+00) (5, 3.69983375072479248047e-01) (6, 4.98329609632492065430e-01) (7, 5.50801873207092285156e-01) (8, 5.73056757450103759766e-01) (9, 8.36112916469573974609e-01) 
