FANN_FLO_2.1
num_layers=3
learning_rate=0.699972
connection_rate=1.000000
network_type=0
learning_momentum=0.000000
training_algorithm=0
train_error_function=1
train_stop_function=0
cascade_output_change_fraction=0.010000
quickprop_decay=-0.000100
quickprop_mu=1.750000
rprop_increase_factor=1.200000
rprop_decrease_factor=0.500000
rprop_delta_min=0.000000
rprop_delta_max=50.000000
rprop_delta_zero=0.100000
cascade_output_stagnation_epochs=12
cascade_candidate_change_fraction=0.010000
cascade_candidate_stagnation_epochs=12
cascade_max_out_epochs=150
cascade_min_out_epochs=50
cascade_max_cand_epochs=150
cascade_min_cand_epochs=50
cascade_num_candidate_groups=2
bit_fail_limit=3.49999994039535522461e-01
cascade_candidate_limit=1.00000000000000000000e+03
cascade_weight_multiplier=4.00000005960464477539e-01
cascade_activation_functions_count=10
cascade_activation_functions=3 5 7 8 10 11 14 15 16 17 
cascade_activation_steepnesses_count=10
cascade_activation_steepnesses=4.00000000000000000000e+00 3.21000000000000000000e+02 3.22000000000000000000e+02 6.42000000000000000000e+02 6.43000000000000000000e+02 0.00000000000000000000e+00 0.00000000000000000000e+00 0.00000000000000000000e+00 0.00000000000000000000e+00 0.00000000000000000000e+00 
layer_sizes=5 5 5 
scale_included=0
neurons (num_inputs, activation_function, activation_steepness)=(0, 0, 0.00000000000000000000e+00) (0, 0, 0.00000000000000000000e+00) (0, 0, 0.00000000000000000000e+00) (0, 0, 0.00000000000000000000e+00) (0, 0, 0.00000000000000000000e+00) (5, 5, 5.00000000000000000000e-01) (5, 5, 5.00000000000000000000e-01) (5, 5, 5.00000000000000000000e-01) (5, 5, 5.00000000000000000000e-01) (0, 5, 0.00000000000000000000e+00) (5, 3, 5.00000000000000000000e-01) (5, 3, 5.00000000000000000000e-01) (5, 3, 5.00000000000000000000e-01) (5, 3, 5.00000000000000000000e-01) (0, 3, 0.00000000000000000000e+00) 
connections (connected_to_neuron, weight)=(0, 8.70497450232505798340e-02) (1, -7.26091340184211730957e-02) (2, 3.18327657878398895264e-02) (3, -5.89548349380493164062e-02) (4, 1.16108646616339683533e-02) (0, -2.02193632721900939941e-02) (1, -1.45428779069334268570e-03) (2, 1.89389586448669433594e-02) (3, -1.83182135224342346191e-02) (4, -1.04072190821170806885e-01) (0, -7.45807141065597534180e-02) (1, -7.83403515815734863281e-02) (2, 4.54411022365093231201e-02) (3, -1.02819234132766723633e-01) (4, 3.08892391622066497803e-02) (0, 7.78366178274154663086e-02) (1, 7.90897756814956665039e-02) (2, -4.15507219731807708740e-02) (3, 1.16455629467964172363e-01) (4, -5.34175485372543334961e-02) (5, -1.89034524373710155487e-03) (6, 3.39454934000968933105e-02) (7, -9.20868739485740661621e-02) (8, 4.17045783251523971558e-04) (9, 6.07800841331481933594e-01) (5, -1.28926346078515052795e-02) (6, -9.31677073240280151367e-02) (7, -1.08704902231693267822e-01) (8, 7.62989446520805358887e-02) (9, 6.37442171573638916016e-01) (5, 1.05707466602325439453e-01) (6, 1.33551433682441711426e-02) (7, 1.84979811310768127441e-02) (8, 4.49767261743545532227e-02) (9, 6.85944139957427978516e-01) (5, -5.13368211686611175537e-02) (6, -1.01441644132137298584e-01) (7, -3.44825424253940582275e-02) (8, 7.52361342310905456543e-02) (9, 6.54288053512573242188e-01) 
