FANN_FLO_2.1
num_layers=3
learning_rate=0.699972
connection_rate=1.000000
network_type=0
learning_momentum=0.000000
training_algorithm=0
train_error_function=1
train_stop_function=0
cascade_output_change_fraction=0.010000
quickprop_decay=-0.000100
quickprop_mu=1.750000
rprop_increase_factor=1.200000
rprop_decrease_factor=0.500000
rprop_delta_min=0.000000
rprop_delta_max=50.000000
rprop_delta_zero=0.100000
cascade_output_stagnation_epochs=12
cascade_candidate_change_fraction=0.010000
cascade_candidate_stagnation_epochs=12
cascade_max_out_epochs=150
cascade_min_out_epochs=50
cascade_max_cand_epochs=150
cascade_min_cand_epochs=50
cascade_num_candidate_groups=2
bit_fail_limit=3.49999994039535522461e-01
cascade_candidate_limit=1.00000000000000000000e+03
cascade_weight_multiplier=4.00000005960464477539e-01
cascade_activation_functions_count=10
cascade_activation_functions=3 5 7 8 10 11 14 15 16 17 
cascade_activation_steepnesses_count=10
cascade_activation_steepnesses=4.00000000000000000000e+00 3.21000000000000000000e+02 3.22000000000000000000e+02 7.68000000000000000000e+02 1.15400000000000000000e+03 0.00000000000000000000e+00 0.00000000000000000000e+00 0.00000000000000000000e+00 0.00000000000000000000e+00 0.00000000000000000000e+00 
layer_sizes=5 5 5 
scale_included=0
neurons (num_inputs, activation_function, activation_steepness)=(0, 0, 0.00000000000000000000e+00) (0, 0, 0.00000000000000000000e+00) (0, 0, 0.00000000000000000000e+00) (0, 0, 0.00000000000000000000e+00) (0, 0, 0.00000000000000000000e+00) (5, 5, 5.00000000000000000000e-01) (5, 5, 5.00000000000000000000e-01) (5, 5, 5.00000000000000000000e-01) (5, 5, 5.00000000000000000000e-01) (0, 5, 0.00000000000000000000e+00) (5, 3, 5.00000000000000000000e-01) (5, 3, 5.00000000000000000000e-01) (5, 3, 5.00000000000000000000e-01) (5, 3, 5.00000000000000000000e-01) (0, 3, 0.00000000000000000000e+00) 
connections (connected_to_neuron, weight)=(0, -4.99067194759845733643e-02) (1, -4.74260821938514709473e-02) (2, -5.28105832636356353760e-02) (3, -8.38917270302772521973e-02) (4, 6.65924921631813049316e-02) (0, -2.55619473755359649658e-02) (1, 5.98093271255493164062e-02) (2, -7.61905163526535034180e-02) (3, -6.54510632157325744629e-02) (4, -1.09570838510990142822e-01) (0, -9.10260602831840515137e-02) (1, 9.98255759477615356445e-02) (2, -8.21854248642921447754e-02) (3, -5.60937076807022094727e-02) (4, -1.28068970516324043274e-02) (0, -1.08304060995578765869e-01) (1, -3.61109562218189239502e-02) (2, -2.94112693518400192261e-02) (3, -9.19027626514434814453e-02) (4, -1.39453053474426269531e-01) (5, -1.45863536745309829712e-02) (6, 6.56873583793640136719e-02) (7, 1.82409323751926422119e-02) (8, -1.14998362958431243896e-01) (9, 6.48498654365539550781e-01) (5, 6.05216063559055328369e-02) (6, -2.53943894058465957642e-02) (7, -5.00993356108665466309e-02) (8, -1.28879547119140625000e-01) (9, 6.61278009414672851562e-01) (5, -4.65932600200176239014e-02) (6, -6.79983571171760559082e-02) (7, 6.48338198661804199219e-02) (8, -5.86837157607078552246e-02) (9, 6.26040637493133544922e-01) (5, 4.96934019029140472412e-02) (6, -1.30334600806236267090e-01) (7, -9.53636392951011657715e-02) (8, 1.27821015194058418274e-02) (9, 5.98530054092407226562e-01) 
