FANN_FLO_2.1
num_layers=3
learning_rate=0.699972
connection_rate=1.000000
network_type=0
learning_momentum=0.000000
training_algorithm=0
train_error_function=1
train_stop_function=0
cascade_output_change_fraction=0.010000
quickprop_decay=-0.000100
quickprop_mu=1.750000
rprop_increase_factor=1.200000
rprop_decrease_factor=0.500000
rprop_delta_min=0.000000
rprop_delta_max=50.000000
rprop_delta_zero=0.100000
cascade_output_stagnation_epochs=12
cascade_candidate_change_fraction=0.010000
cascade_candidate_stagnation_epochs=12
cascade_max_out_epochs=150
cascade_min_out_epochs=50
cascade_max_cand_epochs=150
cascade_min_cand_epochs=50
cascade_num_candidate_groups=2
bit_fail_limit=3.49999994039535522461e-01
cascade_candidate_limit=1.00000000000000000000e+03
cascade_weight_multiplier=4.00000005960464477539e-01
cascade_activation_functions_count=10
cascade_activation_functions=3 5 7 8 10 11 14 15 16 17 
cascade_activation_steepnesses_count=9
cascade_activation_steepnesses=3.00000000000000000000e+00 3.21000000000000000000e+02 3.22000000000000000000e+02 1.15400000000000000000e+03 0.00000000000000000000e+00 0.00000000000000000000e+00 0.00000000000000000000e+00 0.00000000000000000000e+00 0.00000000000000000000e+00 
layer_sizes=4 4 4 
scale_included=0
neurons (num_inputs, activation_function, activation_steepness)=(0, 0, 0.00000000000000000000e+00) (0, 0, 0.00000000000000000000e+00) (0, 0, 0.00000000000000000000e+00) (0, 0, 0.00000000000000000000e+00) (4, 5, 5.00000000000000000000e-01) (4, 5, 5.00000000000000000000e-01) (4, 5, 5.00000000000000000000e-01) (0, 5, 0.00000000000000000000e+00) (4, 3, 5.00000000000000000000e-01) (4, 3, 5.00000000000000000000e-01) (4, 3, 5.00000000000000000000e-01) (0, 3, 0.00000000000000000000e+00) 
connections (connected_to_neuron, weight)=(0, 3.14349904656410217285e-02) (1, 9.47246104478836059570e-02) (2, 6.18565082550048828125e-02) (3, 8.41425582766532897949e-02) (0, -8.45321714878082275391e-02) (1, -2.49557625502347946167e-02) (2, 3.24498419649899005890e-03) (3, -1.01756259799003601074e-01) (0, -3.65682840347290039062e-02) (1, -4.94151301681995391846e-02) (2, -3.24971862137317657471e-02) (3, 2.24208068102598190308e-02) (4, 8.59005004167556762695e-02) (5, -1.11769221723079681396e-01) (6, -8.31947773694992065430e-02) (7, 6.07586860656738281250e-01) (4, -5.09471558034420013428e-02) (5, -1.18300333619117736816e-01) (6, 7.59756416082382202148e-02) (7, 6.12537980079650878906e-01) (4, 1.63318533450365066528e-02) (5, -1.01727999746799468994e-01) (6, -5.98312215879559516907e-03) (7, 6.68930768966674804688e-01) 
