FANN_FLO_2.1
num_layers=3
learning_rate=0.699027
connection_rate=1.000000
network_type=0
learning_momentum=0.000000
training_algorithm=0
train_error_function=1
train_stop_function=0
cascade_output_change_fraction=0.010000
quickprop_decay=-0.000100
quickprop_mu=1.750000
rprop_increase_factor=1.200000
rprop_decrease_factor=0.500000
rprop_delta_min=0.000000
rprop_delta_max=50.000000
rprop_delta_zero=0.100000
cascade_output_stagnation_epochs=12
cascade_candidate_change_fraction=0.010000
cascade_candidate_stagnation_epochs=12
cascade_max_out_epochs=150
cascade_min_out_epochs=50
cascade_max_cand_epochs=150
cascade_min_cand_epochs=50
cascade_num_candidate_groups=2
bit_fail_limit=3.49999994039535522461e-01
cascade_candidate_limit=1.00000000000000000000e+03
cascade_weight_multiplier=4.00000005960464477539e-01
cascade_activation_functions_count=10
cascade_activation_functions=3 5 7 8 10 11 14 15 16 17 
cascade_activation_steepnesses_count=10
cascade_activation_steepnesses=4.00000000000000000000e+00 3.21000000000000000000e+02 3.22000000000000000000e+02 7.68000000000000000000e+02 1.15400000000000000000e+03 0.00000000000000000000e+00 0.00000000000000000000e+00 0.00000000000000000000e+00 0.00000000000000000000e+00 0.00000000000000000000e+00 
layer_sizes=5 5 5 
scale_included=0
neurons (num_inputs, activation_function, activation_steepness)=(0, 0, 0.00000000000000000000e+00) (0, 0, 0.00000000000000000000e+00) (0, 0, 0.00000000000000000000e+00) (0, 0, 0.00000000000000000000e+00) (0, 0, 0.00000000000000000000e+00) (5, 5, 5.00000000000000000000e-01) (5, 5, 5.00000000000000000000e-01) (5, 5, 5.00000000000000000000e-01) (5, 5, 5.00000000000000000000e-01) (0, 5, 0.00000000000000000000e+00) (5, 3, 5.00000000000000000000e-01) (5, 3, 5.00000000000000000000e-01) (5, 3, 5.00000000000000000000e-01) (5, 3, 5.00000000000000000000e-01) (0, 3, 0.00000000000000000000e+00) 
connections (connected_to_neuron, weight)=(0, -9.29390132427215576172e-01) (1, 3.48795913159847259521e-02) (2, 9.56582948565483093262e-02) (3, 1.11293792724609375000e-02) (4, 7.55232274532318115234e-02) (0, 4.02625799179077148438e+00) (1, -3.34735773503780364990e-02) (2, 9.85040590167045593262e-02) (3, 2.94541120529174804688e-02) (4, -1.60811340808868408203e+00) (0, -7.48411238193511962891e-01) (1, -6.46955519914627075195e-02) (2, -3.06271016597747802734e-02) (3, 9.94095429778099060059e-02) (4, 4.72221784293651580811e-02) (0, 5.87942063808441162109e-01) (1, 4.59217205643653869629e-02) (2, -2.42623034864664077759e-02) (3, -6.99658468365669250488e-02) (4, -4.37982790172100067139e-02) (5, -2.17613786458969116211e-01) (6, 1.18958866596221923828e+00) (7, -1.95083215832710266113e-01) (8, 1.04376472532749176025e-01) (9, 9.99339759349822998047e-01) (5, -4.53987598419189453125e-01) (6, 2.85408115386962890625e+00) (7, -3.96299242973327636719e-01) (8, 3.39825630187988281250e-01) (9, -5.58274209499359130859e-01) (5, -6.05924367904663085938e-01) (6, 2.79305124282836914062e+00) (7, -4.41181063652038574219e-01) (8, 2.83330410718917846680e-01) (9, -5.72752833366394042969e-01) (5, -4.88395541906356811523e-01) (6, 2.85113978385925292969e+00) (7, -3.82894068956375122070e-01) (8, 3.65756154060363769531e-01) (9, -5.64154148101806640625e-01) 
