FANN_FLO_2.1
num_layers=3
learning_rate=0.699972
connection_rate=1.000000
network_type=0
learning_momentum=0.000000
training_algorithm=0
train_error_function=1
train_stop_function=0
cascade_output_change_fraction=0.010000
quickprop_decay=-0.000100
quickprop_mu=1.750000
rprop_increase_factor=1.200000
rprop_decrease_factor=0.500000
rprop_delta_min=0.000000
rprop_delta_max=50.000000
rprop_delta_zero=0.100000
cascade_output_stagnation_epochs=12
cascade_candidate_change_fraction=0.010000
cascade_candidate_stagnation_epochs=12
cascade_max_out_epochs=150
cascade_min_out_epochs=50
cascade_max_cand_epochs=150
cascade_min_cand_epochs=50
cascade_num_candidate_groups=2
bit_fail_limit=3.49999994039535522461e-01
cascade_candidate_limit=1.00000000000000000000e+03
cascade_weight_multiplier=4.00000005960464477539e-01
cascade_activation_functions_count=10
cascade_activation_functions=3 5 7 8 10 11 14 15 16 17 
cascade_activation_steepnesses_count=8
cascade_activation_steepnesses=2.00000000000000000000e+00 3.21000000000000000000e+02 3.22000000000000000000e+02 0.00000000000000000000e+00 0.00000000000000000000e+00 0.00000000000000000000e+00 0.00000000000000000000e+00 0.00000000000000000000e+00 
layer_sizes=3 3 3 
scale_included=0
neurons (num_inputs, activation_function, activation_steepness)=(0, 0, 0.00000000000000000000e+00) (0, 0, 0.00000000000000000000e+00) (0, 0, 0.00000000000000000000e+00) (3, 5, 5.00000000000000000000e-01) (3, 5, 5.00000000000000000000e-01) (0, 5, 0.00000000000000000000e+00) (3, 3, 5.00000000000000000000e-01) (3, 3, 5.00000000000000000000e-01) (0, 3, 0.00000000000000000000e+00) 
connections (connected_to_neuron, weight)=(0, 8.43547359108924865723e-02) (1, -3.74854169785976409912e-02) (2, 4.09235283732414245605e-02) (0, -1.02784577757120132446e-02) (1, -5.27367517352104187012e-02) (2, 5.45610636472702026367e-02) (3, 1.18997041136026382446e-03) (4, -1.22391097247600555420e-02) (5, 5.91887831687927246094e-01) (3, 4.31153550744056701660e-02) (4, -7.14785652235150337219e-04) (5, 6.45643174648284912109e-01) 
